1
0.998009
0.991976
0.981819
0.967475
0.948901
0.926071
0.898984
0.867657
0.832134
0.792481
0.748791
0.701181
0.649798
0.594812
0.536422
0.474856
0.410368
0.343237
0.273772
0.202307
0.129198
0.0548277
-0.0204006
-0.0960629
-0.171718
-0.246906
-0.321158
-0.393992
-0.464917
-0.533442
-0.59907
-0.661312
-0.719683
-0.773711
-0.822937
-0.866924
-0.905258
-0.937553
-0.963456
-0.982653
-0.99487
-0.999879
-0.997501
-0.987611
-0.970143
-0.945087
-0.912498
-0.872496
-0.825266
-0.771061
-0.710202
-0.64308
-0.57015
-0.491937
-0.409024
-0.322059
-0.231744
-0.138836
-0.0441331
0.051519
0.147246
0.242147
0.335301
0.425779
0.512655
0.595009
0.671945
0.742597
0.80614
0.861802
0.908874
0.94672
0.974786
0.992614
0.999844
0.996228
0.981632
0.956045
0.919584
0.872496
0.815157
0.748079
0.6719
0.587389
0.495432
0.397036
0.293307
0.185452
0.0747575
-0.0374205
-0.149674
-0.260557
-0.36861
-0.47237
-0.570403
-0.661312
-0.743767
-0.816523
-0.878441
-0.928506
-0.965849
-0.989762
-0.999717
-0.995375
-0.976601
-0.943471
-0.896279
-0.835539
-0.761977
-0.676545
-0.58039
-0.474856
-0.361469
-0.241909
-0.117995
0.00834426
0.135098
0.260202
0.381577
0.497163
0.60495
0.703017
0.789572
0.862982
0.921812
0.964848
0.991136
1
0.991063
0.964266
0.919874
0.858485
0.781025
0.68874
0.583185
0.466194
0.339864
0.20651
0.0686382
-0.0711155
-0.210023
-0.34531
-0.474235
-0.594122
-0.702426
-0.796802
-0.875136
-0.935617
-0.976773
-0.997511
-0.99716
-0.975486
-0.932717
-0.869542
-0.787117
-0.687048
-0.57136
-0.442472
-0.303145
-0.156435
-0.00561389
0.145879
0.29454
0.436852
0.569395
0.688917
0.792424
0.87725
0.94114
0.98231
0.999507
0.992053
0.959873
0.903517
0.824155
0.723569
0.604119
0.468689
0.320635
0.163703
0.00193336
-0.160433
-0.319064
-0.469665
-0.608071
-0.730395
-0.833119
-0.913212
-0.968223
-0.996365
-0.996579
-0.968583
-0.912899
-0.830856
-0.724565
-0.596881
-0.451336
-0.292048
-0.123598
0.0490698
0.220806
0.386422
0.54082
0.67916
0.797043
0.890618
0.956735
0.993068
0.998191
0.97165
0.913999
0.826803
0.712618
0.574904
0.41796
0.246791
0.0669232
-0.115712
-0.295007
-0.46489
-0.619503
-0.753428
-0.861881
-0.940881
-0.987423
-0.999591
-0.976654
-0.919114
-0.828716
-0.708407
-0.562263
-0.395347
-0.213557
-0.0234385
0.168089
0.353933
0.527121
0.681049
0.809756
0.908145
0.972205
0.999195
0.98776
0.938022
0.851597
0.731566
0.582385
0.409724
0.220268
0.0214731
-0.178728
-0.37223
-0.551099
-0.707886
-0.835959
-0.929776
-0.985156
-0.999471
-0.971788
-0.902938
-0.795522
-0.653824
-0.483662
-0.292162
-0.0874816
0.121559
0.325805
0.516203
0.68421
0.822151
0.923609
0.983729
0.999466
0.969763
0.895626
0.780123
0.628279
0.44687
0.244142
0.0294483
-0.187169
-0.395459
-0.585423
-0.747833
-0.874663
-0.959502
-0.997919
-0.987688
-0.928951
-0.824244
-0.678415
-0.498441
-0.293075
-0.0724633
0.152345
0.369949
0.569193
0.739715
0.87251
0.960431
0.998571
0.984578
0.918811
0.804374
0.646995
0.454754
0.237708
0.00736282
-0.223915
-0.443574
-0.639526
-0.800864
-0.918448
-0.985465
-0.997835
-0.954484
-0.857461
-0.711861
-0.525606
-0.309016
-0.0742678
0.165281
0.395823
0.603945
0.777372
0.905714
0.981125
0.998795
0.957288
0.858673
0.70847
0.515368
0.290725
0.0479646
-0.19825
-0.432872
-0.641412
-0.810815
-0.930328
-0.992176
-0.992111
-0.929732
-0.808564
-0.635913
-0.422419
-0.181473
0.0716391
0.320661
0.549457
0.743009
0.888444
0.975917
0.999294
0.956619
0.850306
0.687045
0.477422
0.235235
-0.0233446
-0.28088
-0.519803
-0.723657
-0.878206
-0.972484
-0.99958
-0.957191
-0.847845
-0.678799
-0.461601
-0.211314
0.0544909
0.316939
0.557228
0.757929
0.904317
0.985445
0.995012
0.931885
0.800257
0.60941
0.373114
0.108634
-0.164456
-0.425776
-0.655608
-0.836418
-0.9542
-0.999635
-0.968819
-0.863665
-0.691826
-0.466195
-0.203957
0.0746688
0.347981
0.594512
0.794662
0.932328
0.99621
0.980784
0.886839
0.721448
0.497564
0.232968
-0.0510587
-0.331456
-0.585223
-0.791358
-0.93256
-0.996772
-0.978207
-0.877952
-0.703959
-0.470426
-0.196748
0.0941022
0.377494
0.62917
0.827369
0.954775
0.999977
0.958598
0.833763
0.6359
0.381968
0.0939955
-0.202819
-0.482186
-0.719172
-0.8924
-0.985989
-0.991101
-0.90679
-0.74021
-0.506054
-0.225315
0.0765377
0.371887
0.633467
0.836881
0.962929
0.999439
0.942518
0.797027
0.576184
0.300483
-0.00420336
-0.30902
-0.584837
-0.805028
-0.948144
-0.999936
-0.954914
-0.816944
-0.599016
-0.322066
-0.0129764
0.297906
0.579845
0.804671
0.949695
1
0.950056
0.804379
0.577192
0.291101
-0.0250621
-0.33919
-0.619119
-0.835875
-0.966796
-0.997901
-0.925454
-0.75649
-0.508167
-0.206149
0.118059
0.43033
0.69752
0.891011
0.989785
0.982813
0.870315
0.663884
0.385371
0.0646246
-0.263665
-0.563706
-0.802493
-0.953492
-0.999621
-0.935268
-0.767041
-0.513156
-0.201553
0.133116
0.453362
0.722984
0.911212
0.996312
0.968085
0.829214
0.595082
0.292162
-0.0449293
-0.377349
-0.666474
-0.878428
-0.988073
-0.982079
-0.860603
-0.637426
-0.338477
0.00109953
0.341076
0.640825
0.864234
0.984102
0.985482
0.867655
0.644371
0.342314
-0.00198582
-0.346572
-0.6491
-0.872075
-0.987578
-0.980785
-0.851985
-0.616685
-0.303847
0.0475929
0.393572
0.69034
0.90009
0.995744
0.964615
0.8101
0.551457
0.221501
-0.137537
-0.479276
-0.759313
-0.940879
-0.999839
-0.927908
-0.733967
-0.443026
-0.0931054
0.269667
0.597102
0.84538
0.980934
0.985089
0.856705
0.612517
0.285083
-0.0815207
-0.437537
-0.734318
-0.930956
-1
-0.931378
-0.733991
-0.434618
-0.0744236
0.296654
0.626775
0.869494
0.990316
0.971668
0.815608
0.543657
0.194011
-0.183796
-0.535826
-0.81148
-0.970771
-0.990227
-0.866434
-0.616751
-0.276982
0.103668
0.469664
0.767242
0.952299
0.997067
0.894319
0.658711
0.324726
-0.0581613
-0.432884
-0.743109
-0.941914
-0.998818
-0.904613
-0.672991
-0.338623
0.0478698
0.427562
0.742124
0.942902
0.998433
0.899533
0.660922
0.319147
-0.0728569
-0.453989
-0.764394
-0.954962
-0.995133
-0.877961
-0.621372
-0.265654
0.1329
0.510731
0.80715
0.974203
0.984419
0.835533
0.551058
0.176648
-0.227025
-0.59412
-0.864357
-0.992968
-0.958205
-0.765164
-0.445202
-0.0509159
0.352357
0.697317
0.926037
0.999671
0.905231
0.657993
0.299175
-0.110845
-0.502505
-0.809018
-0.977658
-0.978997
-0.812161
-0.505231
-0.110675
0.303514
0.665557
0.912205
0.999999
0.912964
0.6657
0.301065
-0.117078
-0.515052
-0.822233
-0.983729
-0.970202
-0.783417
-0.456148
-0.0466129
0.371804
0.723655
0.94506
0.995375
0.864819
0.576519
0.182524
-0.245358
-0.628712
-0.896786
-0.999681
-0.917757
-0.665521
-0.28923
0.141419
0.546151
0.849047
0.99285
0.949905
0.727624
0.367411
-0.0629134
-0.481778
-0.8093
-0.982567
-0.967815
-0.767197
-0.418675
0.0110686
0.439168
0.782587
0.974285
0.976336
0.787658
0.444528
0.0137632
-0.420245
-0.771839
-0.971218
-0.978317
-0.791034
-0.445996
-0.0115114
0.425784
0.778142
0.974427
0.9745
0.777665
0.42308
-0.0177932
-0.455554
-0.800868
-0.982792
-0.963482
-0.746179
-0.374964
0.0740858
0.508304
0.837572
0.99307
0.94178
0.69371
0.300107
-0.156916
-0.581433
-0.883824
-0.99974
-0.903991
-0.616178
-0.196903
0.264837
0.670462
0.932826
0.995076
0.843128
0.509037
0.0644772
-0.394557
-0.76834
-0.975162
-0.969305
-0.751324
-0.368315
0.0960595
0.539793
0.864779
0.998698
0.911205
0.621001
0.192087
-0.280204
-0.690251
-0.945858
-0.989015
-0.809291
-0.446547
0.0176877
0.478424
0.830803
0.994173
0.930572
0.653829
0.226713
-0.252971
-0.674853
-0.941251
-0.989985
-0.80902
-0.439691
0.032517
0.497631
0.846694
0.997435
0.913762
0.614625
0.169993
-0.315341
-0.726355
-0.965082
-0.974065
-0.750422
-0.34692
0.140186
0.594113
0.905347
0.998315
0.849793
0.495027
0.0196038
-0.461047
-0.829722
-0.995743
-0.917827
-0.614364
-0.15928
0.335508
0.747848
0.975301
0.960764
0.707094
0.276834
-0.223028
-0.667575
-0.944967
-0.984931
-0.776659
-0.371946
0.127292
0.594719
0.911447
0.996267
0.826792
0.445628
-0.0501422
-0.53358
-0.880064
-0.999821
-0.861185
-0.499251
-0.00735343
0.486921
0.854759
0.999588
0.882837
0.534352
0.0450491
-0.456647
-0.838213
-0.998408
-0.894049
-0.552062
-0.0628058
0.443698
0.832083
0.997935
0.896059
0.553097
0.0607409
-0.44854
-0.836864
-0.998636
-0.889156
-0.537421
-0.0387718
0.470973
0.852193
0.999793
0.872488
0.504571
-0.00309753
-0.51033
-0.876529
-0.999505
-0.844266
-0.453287
0.0647676
0.565146
0.907358
0.994688
0.801723
0.382203
-0.145933
-0.633098
-0.940871
-0.98111
-0.741529
-0.289778
0.245345
0.710582
0.971943
0.953523
0.659829
0.175038
-0.360975
-0.79258
-0.994011
-0.905855
-0.553033
-0.0379865
0.488611
0.87213
0.999262
0.831738
0.418216
-0.119503
-0.622293
-0.940469
-0.978831
-0.725073
-0.254271
0.293162
0.753025
0.986828
0.923462
0.581209
0.0627689
-0.475103
-0.869186
-0.999129
-0.824608
-0.397993
0.150733
0.653795
0.956365
0.96487
0.675802
0.177719
-0.375891
-0.813341
-0.998444
-0.872836
-0.474874
0.0718896
0.596588
0.934593
0.979127
0.715367
0.22567
-0.335727
-0.791357
-0.996249
-0.884608
-0.491158
0.0593004
0.591373
0.934437
0.977953
0.707117
0.208255
-0.358182
-0.809312
-0.998723
-0.864212
-0.448614
0.113399
0.63891
0.956014
0.960259
0.649436
0.124851
-0.441318
-0.862303
-0.998633
-0.804372
-0.343091
0.232635
0.731348
0.98651
0.912203
0.532405
-0.0263261
-0.57662
-0.933274
-0.975463
-0.688109
-0.16757
0.410197
0.849102
0.999366
0.808991
0.342177
-0.242147
-0.743934
-0.990637
-0.896713
-0.493646
0.0801943
0.626783
0.956583
0.95459
0.620616
0.0701352
-0.505267
-0.904465
-0.987178
-0.723586
-0.2054
0.385508
0.840913
0.999491
0.804371
0.323785
-0.272173
-0.771781
-0.996584
-0.865638
-0.42487
0.168558
0.701906
0.983221
0.910477
0.509028
-0.0767704
-0.635246
-0.963654
-0.942039
-0.577365
-0.00184991
0.574839
0.941544
0.963304
0.63126
0.0667023
-0.522902
-0.919892
-0.976946
-0.672092
-0.117496
0.481138
0.901079
0.985187
0.701187
0.154462
-0.450607
-0.886883
-0.989747
-0.719628
-0.177595
0.432022
0.878425
0.991802
0.728233
0.187128
